750
56
122
43
14
317
691
505
602
220
642
192
646
784
766
493
859
722
694
17
639
308
626
16
135
282
333
210
477
33
141
959
569
780
971
194
948
420
268
276
42
448
748
989
734
649
506
334
730
741
848
235
397
738
230
515
164
176
678
747
621
316
354
170
431
556
351
357
293
110
938
112
74
325
441
107
340
132
647
538
955
764
575
379
854
326
767
592
258
323
914
205
374
655
829
531
976
966
843
772
652
733
667
378
823
184
672
809
658
819
778
332
680
412
785
121
174
380
315
136
312
520
983
209
519
822
742
790
690
486
45
298
807
574
869
453
702
692
611
540
842
377
425
342
791
491
893
75
239
303
186
1
77
826
356
874
917
713
489
895
346
193
776
724
62
274
682
727
908
24
100
849
851
212
827
804
63
140
925
240
565
850
591
446
440
839
309
536
283
593
514
222
560
177
787
933
640
319
997
875
29
213
656
693
439
7
931
975
811
473
369
60
786
400
261
311
442
906
526
604
596
421
229
232
863
255
233
358
460
267
669
865
225
922
328
203
597
284
935
483
406
178
279
719
39
821
278
299
73
396
687
852
362
142
430
754
978
815
605
886
708
598 600
41
272
398 403
699 749
798 892
352
445 449
190 207
361
25
245
578 587
159
391
393
902 916
3
516
324 363
945 980
251
663
870
306 322
436
584
221 253
502
120
97 104
512 558
750 783
496 523
831
671
944
347
998
650
845
610
985 999
189
921
533
418 427
53 54
812
554
888
435
878
603 696
987
707
820
718
844
152 180
570
111
970
79 84
743
564 568
926
106
265
70
456
900
463
905
736
292
688
48
896
936
860
21
627
992
641
35
549
712
594
614
986
530
500
613
167
9
462
98
507
389
208
907
202
532
499
951
305
166
296
479
349
281
228
450
81
364
644
635 659
34
433
629
946 968
648
509
302
5
940 941
148
411
974 979
370
23
139
972
704
898 904
191 237
92
768
527 542
855
11
4
963
673 683
89
616
755
348
551
310 399
539
423
756
899
313
679
295 395
86 117
803
451
485
103
677
68 69
792
175 185
541
777
757
883 884
467
360
504
457
417 419
830
429
782 788
864
548 552
887
264 291
466 476
923
586 589
90
752 762
685 700
901 909
618 634
729
880
559
387
561
275
87
211
287
606
13
508
19
320
913
746
555
381
64 981
623
739
706
277
254
181
994
404
964
247
145
654
38
367
216
468
576
149
50
775
939
301
187
867
877
799
954
950
889
924
942
329
300
480
201
717 720
78
286
728
928 961
969
962
224 246
484 487
802
28
109
890
608 630
269 335
897 910
22
66 82
197
836
214 215
828 868
85 119
546
773 793
745
779
806 824
666 668
676 698
260
0 37
127
217
550
125
637 660
497
337 343
248 257
631 633
510 607
196
384 432
161 206
179
113
498 535
241
557
131 158
83
154
588
645
638
632 636
57 58
771
732
725
472
219
761
567
488
723
416
314
294
731 781
59 71
46 55
934 990
871 882
577 580
599 601
919 927
428 464
911 918
116 128
789 816
628 709
710 759
529 545
385 390
359 366
280 331
223 271
143 218
2 967
684 711
965 996
234 250
36 61
47 65
338 353
171 226
168 172
758 769
96 102
123 126
930 949
582 585
266 288
957 958
76 95
160 163
838 876
774 810
495 501
563 579
198 238
818 834
478 492
375 465
651 657
503 517
715 753
590 595
664 681
952 973
146 151
920 943
866 879
165 173
355 373
622 624
528 534
199 227
689 695
365 382
18 124
547 566
737 763
336 350
805 857
573 609
244 252
405 426
273 290
459 474
434 437
6 984
30 32
259 285
915 937
297 321
407 414
182 188
93 115
801 825
612 625
947 953
144 147
371 388
518 525
129 134
40 80
697 705
443 490
833 835
330 345
562 571
572 583
891 903
156 157
760 794
862 872
643 653
662 675
841 853
12 977
394 410
130 133
231 236
881 932
808 858
956 988
49 52
327 376
368 383
270 304
137 138
674 701
72 99
454 455
832 912
765 800
726 770
424 452
494 544
703 716
307 318
482 537
422 444
438 447
813 817
101 105
44 67
885 929
840 846
401 402
256 386
665 686
475 481
413 415
740 751
991 993
960 982
150 153
26 31
620 670
200 243
856 873
458 461
714 735
522 524
513 617
155 195
10 995
169 204
249 262
661 795
409 470
744 796
339 341
511 521
543 553
51 88
91 94
392 408
183 242
8 15
797 814
20 27
114 162
344 372
469 471
619 721
837 861
581 615
108 118
263 289
847 894
