750
472
725
81
450
615 928
732
728
961 383
365 392
371 324
294
103
286
78
86 717
372 967
721 162
804
285 670
84 67
375 929
534 470
490 632
89
300
651 973
367
517 96
969
509
557
799
167
4
314
553 146
335 577
34
660 175
153 461
368 797
939
846 927
157 876
183 204
630 937
638
706
737 709
13
606
287
113
813 847
932 808
73
743
471 825
251
386 774
872 129
757
745
451
339 977
659 695
765 249
401 188
344 161
492 522
196
436
619 686
341 496
93 399
50
479
761
22
775
906
48
779
455 857
169 511
40 236
409 195
481 405
789 227
877
260
617 542
337 55
999 828
189
724
201
121
482 469
936
306 814
653 47
139
550
582 99
704
279
145
768
418 408
87
211
38
735 909
643 788
269 990
411
148
262 6
432 661
956 398
98
347
329
241
972
275
150 585
494 395
330 108
313
796 402
930 221
246 918
608 662
607 388
587 475
115 44
899
583 414
416
173 750
888
702
348
551
817 359
820
109
480
896
19
443 257
881 182
786
427 26
635 116
433
41
605
964
815
795 355
622 912
712
594
830
567
23
960 207
507
28
302
559
529 620
884 599
83
860
5
133 105
654
197
887
629
144 51
947 350
179
832 385
37 609
272
301
488
736
438 601
589 985
802
962
648
292
501 544
996 80
919 198
596
485
803
457
749 668
880
922
729
746
913
320
102 586
345 684
125
951
570
127
422 862
474 945
394 915
885 545
870
663
861 856
20 710
187
781 894
9
644
309
536
841 714
459 824
805 95
216
72 160
468
310 740
597
156 322
421
376 191
423
756
524 681
497
230
381
848
943 578
664 410
8 657
889
924
219
566 27
224 957
484 59
573 580
855
25
602
770 384
297 46
462
834 199
428 151
265
70
154
483
946 769
610
58 338
312
88 291
3
387
897 138
682
217
995 625
539
508
406
446
69 407
400
546
149
645
588
997
290 449
864
974 537
669
865
836
277
243 413
247
255
689 270
723
499
532
118 892
561
647
500
254
181
730
965 64
259 773
935
458 759
239
101 215
886
708
417 242
679
819
910 572
616
755
184
942
166
71 253
119 465
360
473
364
733
218 979
176
614
7
518 949
907
688
31 715
92
514
222
869
576
0 117
62
452 603
958 525
90
434 835
579 628
237 57
555
890
493
826
100
74
349
528 731
627
203
21
867
12 744
131 426
858 982
707
370
327 91
624 49
226 304
697 498
454 818
206 984
634 30
389
231 816
840 760
993 256
229
504
758 898
155 252
193
994
141
137 783
716 366
111
800 15
623
502
950
908
391
263 581
705 36
667
771
560
677
228
281
495 562
248 85
202
535 980
556
923
439
940 696
955
718
905
463
665 444
690
798 753
352
307 676
342
792
128 238
404
810 590
10 271
516
268
435
934 600
299
554
456
11
921
821
143 382
739
904 487
850
853 273
787
571 720
393
225
726 76
674 134
467
194
777
812
288 837
533
742
245
210
831
833 510
963
952 445
54 595
214 883
875
845
873 911
987
65 673
168 104
223 424
874
460
35
358
233
343 903
178
839
926
754
298
613
727
200 953
369
94 373
791
429
671
328
447 466
266 866
60
878
852
208
296
636 838
311
988 250
998
954
986
637 280
283
106
541
185 158
258
319
390 513
591
261
563 180
593
232
641
992
356
933
305
827
978
722
564 123
42
284
491
75
142
584
412
18 879
849
604
713
526
650
361
778
332
396
120
530
274
944
719
440
362
425
698 633
565
871 503
666 126
734
278
970
575
549
24
631 163
763 478
45
699 794
464 941
515
164
626
893
170
97 32
353 675
264 415
868 165
2 751
363 801
110
171 318
691
177
520
823
844
442
159
685 968
39
29
680
209
63
505
140
925
612 321
267
692
547 806
77
213
656
437 703
989
378
776
303
687
851
212
174
240
523 147
112
807
574
931
611
741
430
333
976
790
842
346
377
863
693
917
68 476
975
920 752
52 782
136
315
966
453
843
811
235
519
822
900
293
489
323
914
1
658
652
640
538
785
901 82
374
672
809
172 711
380
186
276
132
334
506
130 521
991 598
17
316
621
678
747
486
317
357
351
107
340
859
379
854
694
938
793 882
592
540
220
403 152
655
649
441
325
829
16
531
618 336
701 331
477
33
895
420
568 683
14
431
234 891
326
902 114
354
983
289 61
205
646
766
784
53 527
448
397
738
764
767
295 548
558 552
772
43
122
135
192
642
282
308
569
959
700 66
639
748
780
948
971
56
762 190
512 916
124 981
79 543
419 244
